173273
173270
173268
173258
173242
173241
173238
173229
173218
173217
173208
173206
173205
173201
173194
173187
173176
173167
172953
172905
172882
172823
172798
172777
172769
172751
172727
172724
172713
172712
172707
172705
172626
172595
172584
172527
172526
172524
172502
172489
172484
172478
172431
172381
172380
172354
172353
172350
172310
172305
172302
172290
172163
172134
172121
172120
172118
172087
172074
172073
172009
172003
171965
171950
171947
171936
171877
171864
171808
171796
171777
171766
171745
171742
171740
171690
171657
171653
171583
171561
171549
171540
171539
171481
171434
171404
171393
171375
171374
171344
171304
171271
171240
171226
171186
171169
171126
171087
171071
171059
171058
171049
171006
171004
171001
170972
170963
170957
170954
170951
170912
170902
170900
170898
170897
170895
170891
170843
170835
170834
170771
170725
170722
170719
170423
170408
170157
169821
169658
169638
168747
168583
168579
168548
168499
168476
168404
168385
168358
168351
168333
168191
168180
168075
168055
167386
159110
154395
