2081851166468804749
2082874054483255805
2084887542110015506
2085873757017751805
2085905646894063930
2086258720779215290
2086927332972118485
2087227636590465030
2087244771849089270
2087311081433964965
2087316343859351974
2089227731305464150
2089368535369982044
2089369732554404153
2089400096740032808
2089543631262945577
2089803535848542696
2089918081762238973
2089942463477846261
2089977731752853644
2090141955695198633
2090142209979171132
2090166484219953463
2090521338452844807
2090853599517794763
2091557747154407712
2091567946481164651
2091768756687258052
2091982918835118317
2092026335439081545
2092290670862233891
2092310250464714828
2093036427047227703
2093063044062650744
2093366551571476809
2093392701005946931
2093403040426668329
2093421500217147557
2094546261403893925
2094565050610786513
2094833982592672231
2094883369188499937
2094967827019243547
2095049595005145389
2095175089969074243
2095339004757745892
2095356984933728708
2097576691053031767
2097580035930751417
2097732320606507506
2097761647331062005
2097931908483342364
2098180318612300142
2098186080839475568
2098634643323142286
2098815981787414978
2099347299550056797
2099516697489314157
2101384547543978195
2101719568184180881
2102050467505430555
2102070411538337893
2102071050569978070
2102124718740652407
2102279369767129543
2102456292698890707
2103894438397546787
2104260894004039831
2104646114427457941
2104664283808428165
2104714676978479423
2104972739253874836
868368125041012736
