167802
168052
168063
168075
168082
168084
168121
168180
168188
168199
168200
168211
168271
168319
168333
168350
168381
168421
168426
168476
168501
168541
168575
168682
168697
168732
168745
168752
168762
168783
168825
168883
168903
168918
168922
168947
168970
168973
168984
168998
169007
169010
169025
169041
169084
169099
169117
169118
169119
169124
169128
169143
169150
169159
169160
169162
169177
169179
169184
169220
169222
169234
169248
169261
169285
169289
169319
169323
169338
169364
169380
169396
169441
169448
169450
169462
169470
169471
169537
169547
169548
169549
169551
169561
169577
169581
169585
169588
169592
169593
169594
169658
169663
169676
169679
169720
169746
169752
169754
169763
169782
169796
169808
169830
169833
169834
169841
169844
169847
169848
169852
169856
169864
169868
169877
169902
169904
169911
169920
169924
169926
169930
169934
169939
169940
169955
169965
169966
169967
169970
169971
169973
169981
169982
169985
169991
170000
170006
170010
170018
170035
170036
170052
170056
170071
170085
170087
170089
170096
170098
170104
170121
170123
170127
170137
170143
170148
170208
170221
170231
170235
170247
170255
170258
170265
170271
170315
170317
170320
170327
170328
170331
170337
170342
170356
170358
170360
170373
170383
170384
170406
170421
170438
170452
170482
170486
170488
170489
170509
170512
170523
170536
170538
170544
170545
170568
170585
170596
170605
170607
170608
170620
170632
170683
170689
170691
170702
170710
170721
170723
170725
170727
170731
170736
170743
170745
170750
170775
170804
170809
170816
170819
170832
170869
170891
170895
170898
170899
170900
170901
170915
170932
170989
171008
171029
171078
171107
171111
171115
171170
171173
171183
171219
171265
171270
171280
171283
171308
171324
171357
171358
171375
171404
171438
171441
171458
171464
171479
171482
171514
171555
171563
171588
171606
171609
171615
171626
171664
171676
171677
171698
171703
171704
171735
171747
171777
171791
171796
171808
171840
171858
171864
171877
171948
171962
171965
172001
172015
172070
172118
172121
172135
172142
172290
172307
172310
172314
172343
172349
172350
172353
172354
172380
172401
172453
172494
172502
172519
172524
172535
172545
172549
172578
172584
172618
172696
172715
172725
172774
172777
172797
172859
172862
172951
172953
172955
172957
172965
172989
173019
173022
173037
173041
173045
173050
173055
173062
173069
173073
173081
173084
173086
173103
173104
173105
173106
173107
173108
173109
173116
173136
173140
173142
173151
173157
173167
173176
173187
173194
173201
173205
173206
173208
173217
173218
173229
173238
173241
173242
173258
173268
173270
173273
173296
173297
173298
173299
173314
173319
173321
173329
173330
173331
173333
173349
173354
173356
173357
173363
173365
173373
173376
173388
173396
173397
173404
173412
173419
173423
173424
173426
173428
173434
173436
173450
173460
173477
173478
173479
173480
173483
173504
173538
173540
173542
173544
173549
173550
